4294967279,80
4294967279,79
4294967279,78
4294967279,76
4294967279,74
4294967279,72
4294967279,71
4294967279,70
4294967279,68
4294967279,67
4294967279,64
4294967279,63
4294967279,62
4294967279,61
4294967279,60
4294967279,58
4294967279,57
4294967279,55
4294967279,54
4294967279,53
4294967279,52
4294967279,51
4294967279,50
4294967279,49
4294967279,47
4294967279,44
4294967279,43
4294967279,42
4294967279,41
4294967279,40
4294967279,39
4294967279,38
4294967279,37
4294967279,36
4294967279,35
4294967279,34
4294967279,32
4294967279,30
4294967279,29
4294967279,28
4294967279,27
4294967279,24
4294967279,23
4294967279,18
4294967279,15
4294967279,13
4294967279,12
4294967279,11
4294967279,9
4294967279,329
4006,0
4008,0
4294967278,257
4294967278,323
4294967278,322
4294967278,396
4294967278,395
4294967278,321
4294967278,320
4294967278,254
4294967278,400
4294967278,253
4294967278,126
4294967278,125
4294967278,430
4294967278,124
4294967278,123
4294967278,310
4294967278,122
4294967278,121
4294967278,318
4294967278,120
4294967278,117
4294967278,115
4294967278,114
4294967278,113
4294967278,110
4294967278,424
4294967278,109
4294967278,108
4294967278,283
4294967278,107
4294967278,106
4294967278,307
4294967278,105
4294967278,104
4294967278,266
4294967278,103
4294967278,102
4294967278,447
4294967278,100
4294967278,241
4294967278,99
4294967278,280
4294967278,98
4294967278,235
4294967278,95
4294967278,303
4294967278,93
4294967278,336
4294967278,91
4294967278,334
4294967278,434
4294967278,89
4294967278,87
4294967278,86
4294967278,85
4294967278,84
4294967278,368
4294967278,82
4294967278,79
4294967278,256
4294967278,77
4294967278,75
4294967278,286
4294967278,73
4294967278,72
4294967278,423
4294967278,67
4294967278,65
4294967278,62
4294967278,61
4294967279,77
4294967279,73
4294967279,66
4294967279,59
4294967279,56
4294967279,334
4294967279,46
4294967279,45
4294967279,350
4294967279,509
4294967279,501
4294967279,33
4294967279,488
4294967279,31
4294967279,539
4294967279,25
4294967279,21
4294967279,20
4294967279,16
4294967279,10
4294967279,7
4294967278,250
4294967278,248
4294967278,260
4294967278,119
4294967278,118
4294967278,317
4294967278,242
4294967278,116
4294967278,263
4294967278,240
4294967278,238
4294967278,237
4294967278,236
4294967278,112
4294967278,314
4294967278,234
4294967278,111
4294967278,223
4294967278,232
4294967278,230
4294967278,399
4294967278,226
4294967278,224
4294967278,222
4294967278,220
4294967278,218
4294967278,216
4294967278,214
4006,7
4006,6
4008,8
4008,7
4008,6
4294967278,101
4294967278,305
4294967278,97
4294967279,497
4294967279,174
4294967278,96
4294967278,208
4294967278,221
4294967278,207
4294967278,94
4294967278,206
4294967278,414
4294967279,286
4294967278,205
4294967278,306
4294967278,92
4294967278,90
4013,5
4294967278,201
4013,4
4013,3
4013,2
4013,1
4294967278,200
4294967278,83
4294967278,198
4294967278,197
4294967278,427
4294967294,1280
4294967278,196
4294967279,196
4294967279,320
4294967278,71
4294967278,81
4294967278,426
4294967294,996
4294967294,1106
4294967278,80
4294967278,193
4294967278,304
4294967278,192
4294967279,192
4294967278,433
4294967278,352
4294967294,1121
4294967278,78
4294967278,191
4294967278,309
4294967279,533
4294967279,285
4294967279,260
4294967279,0
4294967278,190
4294967278,76
4294967278,298
4294967279,232
4294967279,75
4294967279,476
4294967278,74
4294967278,445
4294967278,184
4011,6
4294967278,186
4294967294,8
4011,5
4011,4
4294967278,185
4011,3
4011,2
4011,1
4294967278,432
4294967279,185
4294967278,333
4294967278,70
4294967278,60
4294967279,550
4294967278,69
4294967278,374
4294967279,69
4294967279,182
4294967278,68
4294967278,403
4294967278,180
4294967279,464
4294967278,66
4294967278,179
4294967278,439
4294967278,178
4294967279,298
4294967279,284
4294967279,65
4294967278,64
4294967278,219
4294967278,332
4294967278,63
4294967278,175
4294967279,175
4294967279,173
4294967279,170
4294967279,169
4294967278,380
4294967279,375
4294967278,331
4294967279,164
4294967278,330
4294967279,48
0,5
4008,5
4008,4
4008,3
4008,2
4008,1
4294967294,6
4294967279,154
4294967279,281
4294967279,153
4294967278,371
4294967279,150
4294967279,148
4294967279,349
4294967279,374
4006,5
4006,4
4006,3
4006,2
4006,1
4294967279,142
4294967279,140
4294967279,138
4294967279,280
4294967279,26
4004,6
4294967294,457
4294967279,22
4004,5
4294967279,19
4004,4
4004,3
4004,2
4004,1
4294967279,278
4294967279,17
4294967279,264
4294967279,379
4294967279,276
4294967279,14
4003,5
4294967279,274
4003,4
4003,3
4003,2
4003,1
4294967279,261
4294967294,1281
4294967294,17
4294967294,99
4294967279,6
4294967279,8
4294967279,333
4002,4
4294967279,256
4002,3
4002,2
4002,1
4294967279,473
0,7
4294967279,255
4294967294,11
4294967294,0
4294967279,5
4294967294,9
4294967279,4
4294967279,381
4294967278,132
4294967278,355
4294967294,1408
4294967294,1430
4294967294,1431
4294967294,1438
4294967294,1419
4294967294,1017
